14970302
35817960
1704039232896110592:
1022164899219292160
1685848472002744320
1616684581645606912
1718875473806270464
955689171280003072
1716264601757810688
1718906096440774656
1713854946607849472
1718908823753416704
1568402573501296640
1711313522989174784
1663658925617745920
1718838334234226688
1663619671814455296
1663660733010423808
1662408229647945728
1662628819516403712
1662646919309713408
1661706844002463744
1556987921668124672
1516916607032774656
1710885556161265664
1624309313471905792
1718322460603379712
1718312291777601536
1653066165017620480
1718301880084738048
1715602771884576768
1716436393222705152
1702519463894200320
1005433551754424320
1717907759063035904
485595287
1718370892680757248
1591066532930535424
1715638275745128448
18797064
913545022439673856
1699684698413318144
1702140927391993856
1705775519927812096
1715344138655125504
1715432435154886656
1703421748694171648
1681702869400170496
1715648824885084160
1648763220017176576
1716309389861158912
1704230008477118464
1708967895307366400
1716392807898968064
1716316142900240384
1716023817888546816
764076156144406528
1716097997530955776
1713946213719113728
1202183240079069184
1132235813268459520
1716029147204472832
1513847925285216256
1714900569427701760
1477195055907676160
1693938072352882688
1716356335934242816
1715319287697596416
1692602995161067520
1716326537769938944
1439092181411631104
1714215341046571008
1708660094597287936
1716346910452363264
1714199622070247424
1716037398617014272
1711450465274118144
1714111070607155200
1703652595150061568
1685399980054372352
1712737858518220800
1716366482026700800
1716399400476364800
1686259322756440064
1709909323860877312
1716024366369067008
1713186219658784768
1716061897265385472
1715687275508502528
2381392152
1696800426614763520
1694133078552203264
1715772644560400384
1715582669218557952
1716025524684996608
1716046710508589056
1716056109276971008
1531886006751870976
1713889093820854272
116151658
1716061283177656320
1706252257971314688
1715686507418460160
1715681911299796992
1715670910827442176
1715640117342109696
1715641496530010112
552541784
1708363382452256768
1715695469077135360
1706248817576689664
1714185868850679808
1714244945492557824
1713663247729987584
1706315841841635328
1709852802544029696
1714250807174987776
1688473665422192640
161640916
1713541441362726912
1624404319058509824
1711668575684198400
1713807488083169280
1713918791241846784
1710139058775633920
1714213883429167104
1513134769369985024
1714231372666052608
1714208878118764544
1708307169198919680
1710560246207234048
1713942677991874560
1714235070947680256
1714240790782722048
1710674437375459328
1633358537580777472
1710581378298109952
1692164741467373568
1708122363428995072
1697130324243750912
1714225556097732608
1713922269754634240
1713459988293951488
1690252755636490240
1638478658254909440
1712746464798187520
1714207957016072192
1710647590935752704
1714250369415417856
1713469399770763264
1425826581012914176
997655748799643648
1714172146057158656
1713941912187817984
1710955961446457344
1705596645822660608
1713936093505306624
1713883721626169344
1712583975288381440
1682013284981956608
1705415467245109248
1710591053856681984
362508544
1682676695940337664
1711474385268162560
1712386316498046976
1700652209891876864
1712401298962960384
1712402746618621952
1700856957177860096
1711757623094059008
1693347496485933056
1320341533409857536
1712051572920729600
1712399193569173504
1712397143904825344
343969196
1712338005963206656
1712364100875845632
1709844292749971456
1711067008647995392
1005324676388741120
1712409725575323648
1710513363229478912
1708006781073448960
1710940095035973632
1699809970395471872
1711093876294025216
1708295590029733888
1710475448780775424
1711128242646880256
1710797160202076160
1710564121513783296
167121939
1695864531845517312
1709569440680214528
1709570722811752448
1709614053365325824
1709638502520913920
1711092872286556160
1707098555385561088
1710525836959588352
844001984
2151873672
1697766223055060992
1699753823617851392
1704729800743571456
1707176523998896128
1709425320984805376
1703119625393762304
1890688668
1707455415762747392
1665534929290031104
1700824673980919808
1585811827803541504
1697037521530585088
1704423099423191040
1710610263357935616
1561756117432029184
1708095912470323200
1678706036230717440
1708265672319320064
1710609588154974208
1710238733197275136
1710586425522204672
1532657437878149120
1692908151362719744
1692192563535736832
1703490679026876416
1545384480113733632
1707459977261064192
359962743
1707266114722451456
1685663134433050624
2439309560
1710185054864023552
1686747985659777024
1700912199496028160
1701198178308014080
1682461642875981824
2849702254
1708120940012621824
113371556
757294628290822144
1680630892392247296
1708148402020614144
1707105890208301056
1701018116682334208
1706677803721109504
1698008640626520064
1667582861401026560
1704873155343368192
1704880032726863872
1672351765247983616
1697635238770540544
1706566649967431680
1704914330360107008
90828940
1708393813218328576
1684529455610626048
1696483910576644096
1677332576002818048
899397208650502144
1705489140253630464
1631246241614159872
1695819429194629120
1708008554358247424
1707102462467887104
140661734
1708395994218672128
1708403864700174336
1684908003126902784
1708447312119468032
1321768089684529152
1707338292654710784
1116980627100794880
1706373184612700160
1708334756520157184
1696704308345991168
1706693007754563584
1708059935450288128
1703736162647511040
1690229777595342848
1694244218074439680
1693221642598785024
1703534958214557696
1704842169419214848
1274706121203175424
1706663094309797888
1708353324389695488
3020740261
3902141710
1624873512191008768
1708280653001994240
1708374233074503680
1708279796948418560
1705636077921296384
1708211177858240512
332698897
1708153483969339392
1705936598419046400
1685895108716019712
1689341651938836480
1707228330242785280
1705158993289592832
1708119560334008320
1706642226464612352
1686371462855151616
1653368381683146752
1708456542134243328
1471997309739282432
1708369408400515072
1708294969679642624
1707233168523206656
1708415251543175168
1707498986574073856
1708458732839997440
808586797
2289379898
1708388272534425600
1691087913512017920
1487997066450243584
2394263406
1707998658669498368
1707874060594499584
1708454204958769152
1685737669144289280
1690006392072015872
1708506484286328832
394902017
2252778318
1700058425437339648
1707247674477486080
1694000214745718784
1630229024852283392
1708457574650011648
1561771039180443648
1708439078331678720
1702018099908636672
1707997269088448512
1708430001639464960
744268858039623680
1708450097250340864
1703745381610184704
1020735888
1707943156267012096
1683279643519119360
1708049487393079296
1708045880702668800
1708342205918699520
1702634479561641984
1708099233486671872
1707007534555357184
1703369559397519360
1704329430028410880
1706646041452294144
1705987780893970432
1704842756710174720
1708055411180568576
1708055901213786112
1609694412694495232
1181721426287628288
1707355856260472832
1706685057556156416
1707048361650491392
3086250039
1668236147770949632
962567620867207168
1697939913780473856
1486948383843627008
1704408034678800384
1706678299454271488
1698458067413700608
1704882443487174656
1707116229612208128
1703966751330033664
1700948729434361856
1684469988529405952
1666301371224821760
1706644989672046592
1674859814332035072
1707463803007348736
1707506503077289984
760533978524901376
1706516631105490944
1653495075178180608
1706644231920422912
1698985302176452608
1700960382586597376
1297450771353493504
1705749431797350400
1706570259086430208
1525840853608054784
1704557894514130944
1540951094947446784
1232021914564091904
1702296991156359168
1681625907532820480
1706369519633960960
1704870603856228352
1706678315350708224
875043065827803136
1706700356795985920
1706509700609814528
1704797928265801728
1695687508544073728
1695196261077389312
1704674195920039936
1705516086064771072
1706631939502075904
1704133629889372160
1706585350871670784
2736576178
1706698426958667776
1543145737185288192
1522490198780645376
1706586941863411712
1706028065803919360
1699929129678745600
1508161838751846400
1704872196076654592
1262369277451042816
904985530651131904
1661250726587424768
1696377195239780352
1705498739371061248
1703566910200123392
1704856986335244288
1569574207956340736
1701795609186029568
1704063146506567680
1696766521207640064
1705461280948051968
1687399765896814592
1705428981950849024
1701207155993669632
1705501764584128512
1702818274549825536
1505118626223132672
1543176282036469760
1630527882580688896
1704878065187270656
1705519497560330240
1698855761663639552
353883620
1704837338818576384
1704841006066130944
1704764406541004800
1704820795694796800
1700726229274370048
281946508
1686700855331000320
1704789440709931008
1704896818415648768
920490993530560512
1704861654733688832
1690664794129375232
2177433740
702431171
1167832845743620096
1693404721787142144
1611100207252664320
488459835
1001747817076019200
1695037693552726016
1649509824361627648
1704414134907867136
1676484238676197376
4316189621
1703404212657274880
1674342260652032000
1611082357749972992
1700623841897193472
1703450522336768000
1703346796226023424
3918366621
1703477144599580672
1356938706578403328
1701930966015451136
1121060641110777856
1703464600841428992
1368441405933187072
1687419954595876864
1687489671776071680
1703451897305182208
1688711947959816192
1703461574839615488
1701888002140561408
1701887797219475456
1070242490
1694116661828145152
1593871044708040704
1703410963255263232
1703415067776012288
1439544228791701504
969021619698987008
1692862518316953600
1703374937980047360
1482625383941955584
1486964857614528512
1693343472143708160
1699517581407748096
1700975464935043072
1663478917540315136
1668108303250096128
1703070775937466368
1669252136343928832
1700057915066048512
1689859546687176704
1694648166623375360
1702787047943987200
1700519186173427712
1686616742313820160
1702770337245515776
599213057
1699838007103156224
1686851761401737216
1576061950060302336
1549282259836014592
1692546011518980096
1676616859016208384
1685606805479546880
1680205838856904704
1298579632506183680
1343798260666949632
3016357837
1508977419922812928
1572179861069774848
1645803955757408256
1690322509789274112
1643904938844766208
157711170
1698682685932421120
390118429
1692656216575795200
1689014503575355392
2556755202
1691852148428910592
1642018848986771456
1660394947101745152
1080868614
1540808380540928000
1627763267710992384
1559518888664055808
1586366172882259968
1528304993689907200
1607675690689912832
1481328141142732800
721153237
1350943398
1454529668598611968
1619114253490814976
1575761687315042304
323737618
1601789963573526528
286766527
1642265821203382272
1313442103767248896
1546629556769112064
1671608501653602304
1536096830739861504
1622245700263370752
1399798696460517376
1698997473589760000
1698990327074537472
1156548506372464640
2496271351
346122668
1343587017595236352
1655286470083592192
4412507422
1427108749731196928
1689174843239862272
1607139974138183680
1646087159516897280
1694300743891656704
1688172926015512576
1641027536141316096
1682887088478232576
1680655032
237582988
1446465174
1528031057240539136
1687953276765925376
1667044831414173696
1638662553420066816
1405521570584576000
2740908849
1287740490247356416
1698384127622250496
1653292676488232960
1460367348511260672
2304550877
1869267649
1572908277465325568
1649714826283831296
1644974134546546688
906227335246032896
1587393107678601216
1060197515008589824
1659015952049086464
1683646297872519168
877496663815761920
1339529512367828992
715833324
1672968040508432384
1088997854172057600
156764980
1640895607970885632
2806365981
15346423
1697718709840703488
1691075859703058432
1630941020
1297771931052257280
358938500
1594475385994895360
1614957371129741312
1611324702852612096
1689548040254767104
742923702
925625127194300416
1041795839226724352
244957471
1525964082985172992
1643182252795240448
874374656
54483385
927048938779226112
1092913546139058176
393391506
1542434099922874368
1482361817255055360
1084851181669756928
3423618153
1547635680334848000
839385804
1560609691306037248
1669243471482290176
1206191495960842240
803037126065553408
358171663
3375836849
1170606113819123712
1015707067158589440
1372473798063230976
1689199529361309696
3100001106
1339645803330203648
1651830534857711616
306627317
1740910730
1657641364492808192
594416755
1574033683312435200
2841189601
1644812981736288256
1670655546536632320
1180471343772508160
1686602114804641792
1581007801219956736
1693326494565535744
1656407806323437568
204526097
377976474
3328205603
1647317408007307264
602763361
1189137335579037696
1574510979936813056
1534480836996784128
1497058897
2585184574
1629972032388743168
1633002598398676992
1595323080
1643742129670291456
1593586012554493952
2219472360
611221984
1670751493580812288
1657764967570100224
4362530307
1695922256302481408
1683712166057201664
1689608630209757184
731196229925933056
1516352111767863296
1632925142
1546106427906953216
1158259260
1626540053290688512
334541004
2421707821
1601515166096846848
601103533
423465865
2713765457
881105857
1657704274179104768
1653432988447948800
990182922048204800
1349402179090657280
193835939
1646437843932250112
1381632239268626432
52994317
1668485466449149952
1494268257485926400
1667837157883670528
1313739476514955264
1663127304799748096
1669912319722225664
1532268157381263360
1676189252567150592
1548624425360117760
846489186383400960
1598950542046367744
1349282833471315968
1462789660434915328
1682051476783235072
1649493149125861376
1579703630575321088
1599763040001474560
332912736
965524800214093824
1486374272398417920
1637011774699634688
1664889657807568896
1635780184723914752
459670182
1593154348820959232
836601654
1693686296609423360
1530260095422152704
1642410679662460928
1687811068532269056
1576284907688501248
1692333004717203456
1585548001224916992
1598547534221393920
1639657980789440512
1206900519840735232
1664955833569153024
1600441473572429824
837985269743824896
1651811191583326208
1654399671954034688
35817960
1716264601757810688
1706248817576689664
